1690 1203 3430 660
3340 560 1780 1244
4504 1304 616 1225
1256 267 3801 2518
1813 433 2569 906
4907 1032 213 2040
4614 736 506 1705
1657 2399 2798 673
2938 150 746 2461
4307 2564 139 508
2109 994 932 347
4892 763 228 1616
4332 2809 788 263
309 2467 1036 137
2614 1147 2145 1925
1963 408 2239 770
3755 489 1365 41
4165 605 955 1159
5085 715 35 877
3661 2810 1459 262
1183 233 147 2724
2916 2768 2204 304
1840 3034 3280 38
1294 2382 991 690
4445 276 499 1144
2411 282 2709 2790
815 366 1370 1997
2500 2619 2620 453
405 786 2673 1032
2237 2432 1063 640
5038 1692 82 1380
130 2039 975 1033
2381 176 2739 1569
5012 1018 108 312
4543 1097 577 1975
4642 841 478 648
4016 1306 1104 438
1309 2532 3623 1
239 1950 4405 1122
2915 2062 2205 227
4937 482 183 782
3792 2613 1328 459
171 1185 4157 1887
5063 1561 57 1511
3127 1222 1993 1552
3599 1272 617 324
3802 2609 1318 44
4217 2758 903 314
463 969 1927 1181
2996 1823 2124 723
2076 1934 3044 1138
3339 2257 1781 815
2038 666 3082 926
4382 2522 738 550
2002 756 3118 893
744 2606 4376 466
655 610 3666 1315
1494 2508 3626 7
4220 361 6 528
3368 1366 1752 1706
3667 2884 1453 188
64 2496 3572 576
2327 370 2431 131
1049 1363 1225 1709
2817 1987 447 1085
2646 1593 266 1008
4412 724 685 487
403 1014 88 701
937 2281 3395 652
1263 2519 3857 121
4856 905 264 2167
452 1761 1718 1311
1119 213 2571 2504
1048 1688 2667 249
1344 420 2391 1769
3137 450 1983 1708
3292 387 1828 1320
3194 2627 1926 445
4746 2978 374 25
1950 2821 3170 251
950 830 155 2242
2911 529 2209 444
2689 1347 2431 1725
44 770 4434 1550
321 2897 4579 175
1755 2560 2252 512
4054 2452 215 620
2187 1103 754 1969
1820 1602 1921 1470
4368 608 752 2220
4666 35 454 2281
4687 58 433 1656
1255 2803 2741 269
3622 1063 899 2009
2673 680 939 1926
2708 2166 149 198
1339 2859 1735 213
4735 2101 385 164
4698 1478 422 1390
1378 1710 2329 1322
