1690 1203 3430 660 42
3340 560 1780 1244 46
4504 1304 616 1225 37
1256 267 3801 2518 46
1813 433 2569 906 33
4907 1032 213 2040 34
4614 736 506 1705 34
1657 2399 2798 673 21
2938 150 746 2461 25
4307 2564 139 508 16
2109 994 932 347 19
4892 763 228 1616 32
4332 2809 788 263 12
309 2467 1036 137 4
2614 1147 2145 1925 49
1963 408 2239 770 31
3755 489 1365 41 28
4165 605 955 1159 40
5085 715 35 877 30
3661 2810 1459 262 14
1183 233 147 2724 9
2916 2768 2204 304 20
1840 3034 3280 38 0
1294 2382 991 690 11
4445 276 499 1144 30
2411 282 2709 2790 44
815 366 1370 1997 16
2500 2619 2620 453 23
405 786 2673 1032 31
2237 2432 1063 640 15
5038 1692 82 1380 30
130 2039 975 1033 8
2381 176 2739 1569 42
5012 1018 108 312 19
4543 1097 577 1975 37
4642 841 478 648 33
4016 1306 1104 438 19
1309 2532 3623 1 8
239 1950 4405 1122 35
2915 2062 2205 227 13
4937 482 183 782 30
3792 2613 1328 459 20
171 1185 4157 1887 47
5063 1561 57 1511 33
3127 1222 1993 1552 53
3599 1272 617 324 13
3802 2609 1318 44 10
4217 2758 903 314 17
463 969 1927 1181 26
2996 1823 2124 723 22
2076 1934 3044 1138 38
3339 2257 1781 815 22
2038 666 3082 926 54
4382 2522 738 550 13
2002 756 3118 893 55
744 2606 4376 466 25
655 610 3666 1315 38
1494 2508 3626 7 10
4220 361 6 528 20
3368 1366 1752 1706 52
3667 2884 1453 188 7
64 2496 3572 576 18
2327 370 2431 131 34
1049 1363 1225 1709 24
2817 1987 447 1085 20
2646 1593 266 1008 18
4412 724 685 487 33
403 1014 88 701 7
937 2281 3395 652 22
1263 2519 3857 121 15
4856 905 264 2167 34
452 1761 1718 1311 21
1119 213 2571 2504 29
1048 1688 2667 249 11
1344 420 2391 1769 30
3137 450 1983 1708 45
3292 387 1828 1320 43
3194 2627 1926 445 22
4746 2978 374 25 0
1950 2821 3170 251 13
950 830 155 2242 9
2911 529 2209 444 45
2689 1347 2431 1725 57
44 770 4434 1550 43
321 2897 4579 175 8
1755 2560 2252 512 18
4054 2452 215 620 12
2187 1103 754 1969 29
1820 1602 1921 1470 41
4368 608 752 2220 36
4666 35 454 2281 23
4687 58 433 1656 24
1255 2803 2741 269 12
3622 1063 899 2009 36
2673 680 939 1926 29
2708 2166 149 198 8
1339 2859 1735 213 4
4735 2101 385 164 3
4698 1478 422 1390 36
1378 1710 2329 1322 35
